# GIMP colorrc
# 
# This file holds a list of recently used colors.

(color-history
    (color-rgba 1 1 1 4.643391713948542e-310)
    (color-rgba 1 1 1 1)
    (color-rgba 0.83529411764705885 0.30588235294117649 0.55294117647058827 1)
    (color-rgba 0.12549020349979401 0.12549020349979401 0.12549020349979401 1)
    (color-rgba 0.9960784912109375 0.9960784912109375 0.9960784912109375 1)
    (color-rgba 0.87450980392156863 0.87450980392156863 0.87450980392156863 1)
    (color-rgba 0.15686274509803921 0.15686274509803921 0.15686274509803921 1)
    (color-rgba 0.95686280727386475 0.75294125080108643 0.74901962280273438 1)
    (color-rgba 0 0 0 1)
    (color-rgba 0.89019614458084106 0.89019614458084106 0.89019614458084106 1)
    (color-rgba 0.96862751245498657 0.86666673421859741 0.81960791349411011 1)
    (color-rgba 0.96078437566757202 0.7450980544090271 0.7450980544090271 1)
    (color-rgba 0.9647059440612793 0.86274516582489014 0.81568634510040283 1)
    (color-rgba 0.95686280727386475 0.85490202903747559 0.80784320831298828 1)
    (color-rgba 0.56862747669219971 0.7450980544090271 0.73333334922790527 1)
    (color-rgba 0.1096191480755806 0.10962317138910294 0.11744142323732376 1)
    (color-rgba 1 0.36862745098039218 0.3843137254901961 1)
    (color-rgba 0.15294118225574493 0.18823531270027161 0.25490197539329529 1)
    (color-rgba 0.3333333432674408 0.37647062540054321 0.37647062540054321 1)
    (color-rgba 0.99215692281723022 0.35294118523597717 0.43529415130615234 1)
    (color-rgba 0.32941176470588235 0.6705882352941176 0.28235294117647058 1)
    (color-rgba 0.94725406169891357 0.94727742671966553 0.96708106994628906 1)
    (color-rgba 0.21176470588235294 0.70196078431372544 0.8666666666666667 1)
    (color-rgba 0.94509803921568625 0.77254901960784317 0.12156862745098039 1)
    (color-rgba 0.4823529411764706 0.40784313725490196 0.37254901960784315 1)
    (color-rgba 0.68235294117647061 0.63137254901960782 0.59999999999999998 1)
    (color-rgba 0 0 0 4.6886606262830721e-310)
    (color-rgba 1 0.8666666666666667 0.93725490196078431 0)
    (color-rgba 1 0.86666673421859741 0.93725496530532837 1)
    (color-rgba 0.45490196078431372 0.27843137254901962 0.56862745098039214 1)
    (color-rgba 0.086274509803921567 0.37647058823529411 0.6470588235294118 1)
    (color-rgba 0.88627450980392153 0.45098039215686275 0.17647058823529413 4.6496485851623085e-310)
    (color-rgba 0.88627450980392153 0.45098039215686275 0.17647058823529413 1)
    (color-rgba 0.5490196078431373 0.57647058823529407 0.58431372549019611 1))

# end of colorrc
